4 0.0804133816484
8 0.159072801575,3 0.155516493711,9 0.135745913022
3 0.155516493711,6 0.123456701747,2 0.117887922227,4 0.0618074770884
4 0.0804133816484
4 0.0618074770884
4 0.0618074770884
1 0.0746786125802
5 0.25019410448,10 0.205013250079,9 0.200513173366,6 0.182360518188,8 0.159072801575,2 0.153375722944,4 0.149263409874,1 0.148078568822
4 0.0618074770884
2 0.153375722944,6 0.123456701747,4 0.0804133816484
2 0.256534877107,8 0.254844171111,10 0.236114470085,5 0.223359001245,6 0.21952468858,9 0.200513173366,3 0.19425837711,1 0.14673076311,4 0.144779236176
1 0.0746786125802
7 0.288675134595,1 0.124906786635
1 0.0573996086401
5 0.131467301174
6 0.123456701747
10 0.12796852252,1 0.0573996086401
6 0.123456701747,1 0.117175141209
10 0.12796852252
10 0.12796852252
2 0.117887922227,1 0.0573996086401
4 0.0618074770884
5 0.131467301174
6 0.123456701747
1 0.0573996086401
1 0.0573996086401
2 0.153375722944
2 0.117887922227,4 0.0618074770884
10 0.12796852252,2 0.117887922227
3 0.105283498707
10 0.166490886299
2 0.117887922227,1 0.0573996086401
1 0.0573996086401
5 0.131467301174,2 0.117887922227,1 0.11217275523
5 0.131467301174,4 0.0618074770884
4 0.0804133816484,1 0.0573996086401
1 0.0573996086401
3 0.105283498707,1 0.0847861819349
6 0.160620872139
2 0.117887922227
1 0.0919576165202
1 0.0746786125802
8 0.159072801575,5 0.131467301174,2 0.117887922227
2 0.117887922227,4 0.0804133816484
1 0.0573996086401
5 0.131467301174
10 0.12796852252
2 0.117887922227
1 0.0746786125802
6 0.123456701747,1 0.0573996086401
1 0.0573996086401
1 0.0746786125802
1 0.0573996086401
5 0.131467301174
10 0.12796852252,1 0.0573996086401
1 0.0573996086401
1 0.0573996086401
2 0.117887922227,1 0.11217275523
5 0.171042902276,1 0.0746786125802
1 0.0573996086401
3 0.105283498707
1 0.0573996086401
1 0.0573996086401
1 0.0573996086401
2 0.117887922227,1 0.0746786125802
7 0.288675134595
6 0.123456701747
8 0.159072801575,2 0.153375722944,3 0.105283498707,1 0.0847861819349,4 0.0618074770884
1 0.0573996086401
8 0.159072801575
10 0.12796852252
10 0.166490886299
8 0.159072801575
3 0.105283498707
4 0.0618074770884
8 0.159072801575
2 0.117887922227
3 0.155516493711
1 0.0573996086401
1 0.0573996086401
4 0.0618074770884
1 0.0573996086401
1 0.0746786125802
5 0.131467301174
1 0.0573996086401
1 0.0573996086401
1 0.0573996086401
1 0.0573996086401
1 0.0573996086401
1 0.0573996086401
1 0.0746786125802
10 0.12796852252
2 0.117887922227
5 0.131467301174
1 0.0573996086401
8 0.159072801575
1 0.0573996086401
5 0.131467301174
8 0.159072801575,3 0.155516493711,9 0.135745913022
8 0.159072801575,3 0.136976989866,9 0.135745913022
3 0.105283498707
9 0.135745913022
4 0.0618074770884
10 0.166490886299
9 0.135745913022
4 0.0618074770884
4 0.0618074770884
5 0.131467301174
6 0.123456701747,4 0.0912971381079
6 0.123456701747
5 0.131467301174,2 0.117887922227
6 0.123456701747
4 0.0618074770884
2 0.117887922227,4 0.0618074770884
9 0.135745913022
1 0.0573996086401
1 0.0573996086401
3 0.105283498707
9 0.135745913022,4 0.0618074770884,1 0.0573996086401
1 0.0573996086401
8 0.206958486343
4 0.0618074770884
6 0.123456701747
3 0.105283498707
3 0.168670481025
5 0.131467301174
1 0.0919576165202
1 0.0746786125802
1 0.0573996086401
6 0.160620872139,1 0.0573996086401
1 0.0746786125802
1 0.0573996086401
3 0.136976989866
4 0.0618074770884
4 0.0618074770884
1 0.0919576165202
5 0.131467301174,1 0.0573996086401
4 0.0618074770884
4 0.0618074770884
1 0.0975202133402
1 0.0975202133402
4 0.0618074770884
6 0.123456701747
2 0.174134755597,10 0.166490886299,6 0.160620872139
6 0.123456701747
1 0.0746786125802
4 0.0618074770884
5 0.171042902276
4 0.0618074770884
9 0.135745913022
7 0.288675134595,3 0.105283498707,4 0.0618074770884
6 0.160620872139
10 0.189025024549,2 0.174134755597,6 0.123456701747
3 0.105283498707
10 0.12796852252,1 0.0573996086401
4 0.0618074770884
1 0.0573996086401
9 0.135745913022
4 0.0990192862083
10 0.166490886299
1 0.0746786125802
4 0.0618074770884
1 0.0573996086401
1 0.0573996086401
9 0.135745913022
8 0.159072801575
1 0.0573996086401
3 0.105283498707,4 0.0804133816484
4 0.0618074770884
4 0.0618074770884
4 0.0990192862083
4 0.0618074770884
1 0.0573996086401
6 0.123456701747
5 0.131467301174
9 0.176609504631
1 0.105907905399
1 0.0746786125802
1 0.0975202133402
10 0.166490886299
1 0.0573996086401
3 0.136976989866
9 0.176609504631,3 0.105283498707
2 0.174134755597
9 0.135745913022
3 0.105283498707
1 0.0746786125802
4 0.0618074770884,1 0.0573996086401
4 0.0804133816484
1 0.0573996086401
7 0.288675134595,9 0.135745913022
4 0.0912971381079
1 0.0573996086401
1 0.0975202133402,4 0.0618074770884
4 0.123614954177
1 0.0573996086401
8 0.234969816254,3 0.136976989866
1 0.0573996086401
1 0.0746786125802
4 0.0618074770884,1 0.0573996086401
4 0.0912971381079
10 0.12796852252
4 0.0912971381079
4 0.0804133816484
1 0.102065185875
2 0.174134755597
10 0.12796852252,4 0.0804133816484
4 0.0618074770884
4 0.0618074770884,1 0.0573996086401
4 0.0618074770884
4 0.0912971381079
5 0.131467301174
2 0.188863523661
1 0.0573996086401
7 0.288675134595
1 0.0573996086401
9 0.135745913022
9 0.135745913022
8 0.159072801575
7 0.288675134595,10 0.205013250079,3 0.136976989866,1 0.12318690934,2 0.117887922227,4 0.0618074770884
4 0.0618074770884
1 0.0746786125802
6 0.123456701747
1 0.0573996086401
10 0.12796852252,4 0.0804133816484
1 0.0573996086401
9 0.135745913022,4 0.0618074770884
1 0.0573996086401
4 0.0618074770884,1 0.0573996086401
6 0.123456701747
5 0.171042902276,9 0.135745913022,10 0.12796852252,1 0.0847861819349,4 0.0618074770884
9 0.135745913022
6 0.123456701747
9 0.135745913022
1 0.0746786125802
4 0.0618074770884
8 0.159072801575,3 0.105283498707
6 0.123456701747
10 0.12796852252
4 0.0618074770884,1 0.0573996086401
1 0.0573996086401
4 0.0804133816484,1 0.0746786125802
4 0.0618074770884
6 0.123456701747
5 0.131467301174,10 0.12796852252,6 0.123456701747,4 0.0618074770884
4 0.0618074770884
1 0.0746786125802
5 0.171042902276
10 0.12796852252,1 0.0847861819349
8 0.159072801575,10 0.12796852252
4 0.0618074770884
5 0.131467301174,10 0.12796852252,4 0.0618074770884
5 0.131467301174,1 0.0746786125802
9 0.135745913022,1 0.0573996086401
4 0.0912971381079
8 0.206958486343,5 0.131467301174,4 0.0618074770884
1 0.0573996086401
4 0.0618074770884
1 0.0573996086401
6 0.160620872139
4 0.0618074770884
3 0.105283498707
10 0.12796852252
8 0.159072801575
4 0.0912971381079
8 0.159072801575,4 0.0618074770884
4 0.0618074770884
1 0.0573996086401
1 0.0573996086401
2 0.153375722944
8 0.159072801575
4 0.0618074770884
3 0.136976989866,4 0.0804133816484,1 0.0573996086401
4 0.0618074770884
6 0.123456701747,1 0.0573996086401
1 0.0573996086401
3 0.105283498707,1 0.0573996086401
4 0.0618074770884
9 0.135745913022
3 0.155516493711
4 0.0618074770884
4 0.0618074770884
1 0.0573996086401
1 0.0573996086401
4 0.0618074770884
1 0.0573996086401
7 0.288675134595,3 0.168670481025,9 0.135745913022
8 0.159072801575,10 0.12796852252,3 0.105283498707,1 0.0573996086401
8 0.159072801575
2 0.117887922227
10 0.12796852252
6 0.123456701747
5 0.131467301174
9 0.135745913022
4 0.0618074770884
3 0.105283498707
2 0.174134755597,9 0.135745913022,1 0.0573996086401
5 0.131467301174
1 0.0975202133402
1 0.0847861819349
6 0.123456701747
1 0.0746786125802
5 0.131467301174
4 0.0804133816484,1 0.0573996086401
1 0.0573996086401
3 0.105283498707,4 0.0618074770884
5 0.131467301174
4 0.0618074770884
9 0.135745913022
4 0.0912971381079,1 0.0573996086401
4 0.0618074770884,1 0.0573996086401
4 0.0618074770884
1 0.0746786125802
4 0.0618074770884
6 0.123456701747
1 0.0573996086401
4 0.0618074770884
4 0.0618074770884
4 0.0618074770884
10 0.205013250079
4 0.0618074770884
4 0.0618074770884
4 0.0618074770884
4 0.0618074770884
1 0.0573996086401
8 0.159072801575,3 0.155516493711,9 0.135745913022
1 0.0573996086401
10 0.12796852252
7 0.288675134595,8 0.159072801575,4 0.0618074770884,1 0.0573996086401
4 0.0804133816484
3 0.105283498707,4 0.105009049617,1 0.0919576165202
4 0.0990192862083
6 0.160620872139
6 0.123456701747
1 0.0847861819349,4 0.0804133816484
3 0.105283498707
4 0.0912971381079
1 0.0573996086401
3 0.105283498707
9 0.176609504631
3 0.105283498707,4 0.0618074770884
4 0.0618074770884
1 0.0573996086401
1 0.0573996086401
4 0.0618074770884
7 0.288675134595,6 0.209749233103,10 0.205013250079,1 0.0975202133402,4 0.0804133816484
6 0.160620872139
4 0.0990192862083
8 0.206958486343
1 0.0746786125802,4 0.0618074770884
4 0.0618074770884
9 0.135745913022
2 0.153375722944
1 0.0573996086401
3 0.168670481025,10 0.166490886299,4 0.0618074770884
4 0.0618074770884,1 0.0573996086401
9 0.135745913022
6 0.123456701747
10 0.189025024549,5 0.131467301174,2 0.117887922227,1 0.11217275523,4 0.0804133816484
4 0.0804133816484
4 0.0618074770884,1 0.0573996086401
6 0.123456701747
4 0.0618074770884
5 0.131467301174,4 0.0618074770884
1 0.0573996086401
1 0.0847861819349
3 0.155516493711,4 0.0618074770884,1 0.0573996086401
6 0.123456701747
4 0.0618074770884
1 0.0573996086401
3 0.136976989866,4 0.0618074770884
4 0.0618074770884,1 0.0573996086401
1 0.0746786125802
4 0.0618074770884
4 0.0804133816484
10 0.12796852252
10 0.12796852252
1 0.0573996086401
4 0.0618074770884
8 0.159072801575
2 0.200288043738,3 0.105283498707
5 0.131467301174
8 0.159072801575,1 0.0847861819349,4 0.0804133816484
5 0.131467301174,2 0.117887922227,1 0.0746786125802
4 0.0618074770884
3 0.136976989866
4 0.0804133816484
9 0.217473096239
9 0.135745913022
4 0.0618074770884
1 0.0847861819349
9 0.135745913022
9 0.176609504631
1 0.0573996086401
3 0.105283498707
4 0.0804133816484
5 0.131467301174
4 0.0804133816484,1 0.0573996086401
5 0.131467301174
4 0.0804133816484
4 0.109903042668,1 0.0573996086401
4 0.0990192862083
5 0.131467301174
4 0.0804133816484
1 0.0573996086401
3 0.105283498707
1 0.0573996086401
4 0.0804133816484
1 0.0573996086401
3 0.155516493711
4 0.0804133816484
4 0.0990192862083
5 0.131467301174
4 0.0804133816484,1 0.0573996086401
4 0.0618074770884
1 0.0573996086401
5 0.131467301174
10 0.12796852252,2 0.117887922227
1 0.0573996086401
4 0.0618074770884
10 0.12796852252,2 0.117887922227
1 0.0573996086401
4 0.0618074770884
7 0.288675134595
8 0.159072801575
1 0.0746786125802
2 0.174134755597
2 0.174134755597,1 0.0573996086401
7 0.288675134595
1 0.0573996086401
9 0.200513173366,6 0.160620872139,8 0.159072801575,3 0.155516493711,2 0.153375722944,5 0.131467301174,10 0.12796852252,4 0.0990192862083,1 0.0975202133402
1 0.105907905399
9 0.135745913022
3 0.105283498707
10 0.12796852252
5 0.131467301174,2 0.117887922227,1 0.0573996086401
4 0.0618074770884,1 0.0573996086401
4 0.0990192862083
1 0.0573996086401
1 0.0975202133402
8 0.159072801575,4 0.0618074770884
3 0.136976989866
4 0.0618074770884
4 0.0618074770884
1 0.0746786125802,4 0.0618074770884
1 0.0746786125802
6 0.160620872139
1 0.0573996086401
1 0.0573996086401
2 0.117887922227
1 0.0975202133402
1 0.0746786125802,4 0.0618074770884
4 0.0618074770884
4 0.128508947228
4 0.0990192862083
4 0.0804133816484
8 0.206958486343,3 0.105283498707
4 0.0618074770884
3 0.105283498707
1 0.0573996086401
1 0.0573996086401
1 0.0573996086401
4 0.0804133816484
5 0.131467301174
2 0.117887922227
4 0.0804133816484
6 0.209749233103
1 0.0847861819349,4 0.0618074770884
3 0.136976989866
9 0.135745913022
3 0.105283498707
3 0.105283498707
9 0.135745913022
9 0.176609504631
1 0.0573996086401
4 0.0618074770884
4 0.0804133816484
7 0.288675134595
6 0.160620872139,4 0.0618074770884
9 0.135745913022,4 0.0618074770884
6 0.123456701747
1 0.0746786125802
4 0.0618074770884
9 0.135745913022
6 0.123456701747,3 0.105283498707,4 0.0990192862083,1 0.0746786125802
1 0.0573996086401
1 0.0573996086401
5 0.131467301174,1 0.105907905399,4 0.0804133816484
6 0.123456701747,3 0.105283498707,4 0.0912971381079
4 0.0804133816484
4 0.0618074770884
1 0.0746786125802
2 0.153375722944,5 0.131467301174,1 0.0847861819349
2 0.153375722944,1 0.0573996086401
4 0.0804133816484
6 0.123456701747
6 0.123456701747
8 0.159072801575,9 0.135745913022,4 0.0804133816484
5 0.131467301174,6 0.123456701747,4 0.0804133816484,1 0.0746786125802
3 0.105283498707
5 0.131467301174
9 0.176609504631,8 0.159072801575
4 0.0804133816484
1 0.0746786125802
4 0.0618074770884
3 0.136976989866,4 0.0618074770884
4 0.0618074770884
4 0.0618074770884
3 0.105283498707
3 0.187209984871
1 0.0573996086401
5 0.171042902276,3 0.136976989866,4 0.0618074770884,1 0.0573996086401
4 0.0618074770884
4 0.0618074770884
4 0.0618074770884
5 0.223359001245,10 0.12796852252,4 0.105009049617,1 0.0847861819349
2 0.117887922227,4 0.0804133816484,1 0.0573996086401
1 0.0573996086401
4 0.0618074770884
6 0.19778504253,4 0.0618074770884,1 0.0573996086401
2 0.188863523661,4 0.0804133816484,1 0.0746786125802
3 0.105283498707
10 0.189025024549,1 0.10923662046
2 0.153375722944
2 0.117887922227
1 0.0573996086401
